0 0.94453125 0.62421875 0.08984375 0.37890625
0 0.871875 0.5109375 0.15703125 0.50859375
0 0.7875 0.575 0.159375 0.51953125
0 0.68515625 0.51328125 0.159375 0.52265625
0 0.64140625 0.64375 0.15625 0.4421875
0 0.5828125 0.46328125 0.12890625 0.678125
0 0.4703125 0.6015625 0.15625 0.571875
0 0.3796875 0.53125 0.15234375 0.52421875
0 0.28203125 0.58515625 0.1390625 0.51484375
0 0.23515625 0.71171875 0.0859375 0.3578125
0 0.18828125 0.70390625 0.078125 0.3171875
0 0.1671875 0.54375 0.15625 0.5375
0 0.09453125 0.63671875 0.17109375 0.39921875