0 0.7828125 0.25546875 0.2 0.5109375
0 0.81484375 0.33984375 0.21484375 0.6796875
0 0.91875 0.60390625 0.159375 0.6125
0 0.92734375 0.82578125 0.14296875 0.3421875
0 0.80703125 0.5921875 0.321875 0.8078125
0 0.65546875 0.24921875 0.1359375 0.4984375
0 0.6078125 0.34375 0.190625 0.678125
0 0.428125 0.27265625 0.165625 0.54453125
0 0.43984375 0.32265625 0.1953125 0.63046875
0 0.42578125 0.42578125 0.25234375 0.68828125
0 0.559375 0.57421875 0.29765625 0.8078125
0 0.23125 0.2 0.165625 0.4
0 0.290625 0.2640625 0.20625 0.528125
0 0.25703125 0.3546875 0.22734375 0.68984375
0 0.08515625 0.33125 0.1703125 0.56640625
0 0.2046875 0.503125 0.31015625 0.71015625
0 0.1703125 0.603125 0.340625 0.784375