0 0.9484375 0.51171875 0.10078125 0.628125
0 0.84765625 0.52421875 0.115625 0.6296875
0 0.7296875 0.52109375 0.146875 0.66640625
0 0.60234375 0.5390625 0.12890625 0.671875
0 0.4921875 0.55546875 0.13515625 0.68359375
0 0.37890625 0.56796875 0.15625 0.68359375
0 0.25078125 0.584375 0.15859375 0.68515625
0 0.0921875 0.61875 0.14375 0.74453125
0 0.91640625 0.575 0.165625 0.740625
0 0.80234375 0.584375 0.16796875 0.740625
0 0.67265625 0.60078125 0.14765625 0.7609375
0 0.53671875 0.621875 0.14453125 0.7515625
0 0.39375 0.6265625 0.14609375 0.73671875
0 0.234375 0.63125 0.16796875 0.7296875
0 0.08203125 0.64453125 0.16328125 0.70390625