0 0.9453125 0.625 0.08671875 0.38671875
0 0.86875 0.51171875 0.1671875 0.51171875
0 0.7890625 0.5796875 0.16328125 0.50546875
0 0.68203125 0.5125 0.175 0.51640625
0 0.64375 0.64375 0.1625 0.4390625
0 0.58671875 0.4625 0.140625 0.675
0 0.4703125 0.59921875 0.1578125 0.56875
0 0.378125 0.53203125 0.15546875 0.5328125
0 0.2859375 0.58984375 0.16328125 0.51484375
0 0.23515625 0.71640625 0.08984375 0.37421875
0 0.18671875 0.70703125 0.0828125 0.3234375
0 0.09296875 0.63984375 0.17109375 0.39296875
0 0.175 0.534375 0.16015625 0.51953125