0 0.84765625 0.79765625 0.084375 0.39609375
0 0.7546875 0.77578125 0.08984375 0.440625
0 0.63203125 0.7265625 0.16875 0.5390625
0 0.446875 0.63671875 0.084375 0.6328125
0 0.515625 0.64453125 0.10859375 0.6
0 0.075 0.77578125 0.115625 0.440625
0 0.18828125 0.65546875 0.16875 0.68125
0 0.06796875 0.60390625 0.1359375 0.78359375
0 0.1953125 0.4875 0.1515625 0.91015625
0 0.28046875 0.6203125 0.146875 0.69765625
0 0.33046875 0.60390625 0.13984375 0.78359375
0 0.3515625 0.5125 0.14296875 0.8609375
0 0.57734375 0.565625 0.1328125 0.7390625
0 0.68203125 0.55078125 0.103125 0.746875
0 0.7578125 0.5875 0.15546875 0.81640625
0 0.896875 0.61640625 0.1515625 0.759375