0 0.75390625 0.86953125 0.2359375 0.2484375
0 0.76953125 0.80625 0.1890625 0.37578125
0 0.7875 0.6453125 0.1890625 0.53359375
0 0.80703125 0.53046875 0.15 0.4484375
0 0.82890625 0.4515625 0.1390625 0.4609375
0 0.9625 0.32421875 0.06796875 0.39375
0 0.91640625 0.28515625 0.1359375 0.41796875
0 0.8234375 0.17578125 0.09609375 0.31484375
0 0.77890625 0.309375 0.1140625 0.36328125
0 0.6984375 0.28203125 0.09296875 0.303125
0 0.6234375 0.27890625 0.0890625 0.31484375
0 0.55546875 0.2609375 0.09296875 0.27890625
0 0.48359375 0.2453125 0.08203125 0.2609375
0 0.59453125 0.8515625 0.1609375 0.28515625
0 0.46953125 0.83046875 0.15 0.32734375
0 0.50703125 0.77578125 0.13203125 0.43671875
0 0.61640625 0.790625 0.1390625 0.40625
0 0.41953125 0.7609375 0.12890625 0.46640625
0 0.37890625 0.8 0.125 0.3875
0 0.34140625 0.69375 0.13203125 0.42421875
0 0.18046875 0.7578125 0.1859375 0.4484375
0 0.2484375 0.6609375 0.1359375 0.4125
0 0.09609375 0.6453125 0.12890625 0.39375
0 0.38046875 0.33046875 0.0859375 0.32109375
0 0.04453125 0.53671875 0.0890625 0.33359375
0 0.0375 0.2609375 0.075 0.2484375
0 0.0640625 0.1609375 0.1 0.309375
0 0.10390625 0.1453125 0.10703125 0.290625