0 0.91875 0.571875 0.16015625 0.74453125
0 0.7984375 0.58828125 0.16484375 0.75
0 0.66640625 0.6 0.15859375 0.76484375
0 0.53203125 0.61796875 0.159375 0.7609375
0 0.38828125 0.62890625 0.16328125 0.7390625
0 0.24765625 0.6359375 0.19375 0.72421875
0 0.0984375 0.64375 0.196875 0.709375
0 0.86015625 0.059375 0.025 0.11875
0 0.83984375 0.0546875 0.02734375 0.109375
0 0.82109375 0.04921875 0.025 0.090625
0 0.80390625 0.03828125 0.01953125 0.0703125
0 0.78828125 0.0390625 0.02265625 0.07421875
0 0.76640625 0.04296875 0.03359375 0.08125
0 0.74375 0.0390625 0.02734375 0.07578125
0 0.72578125 0.0390625 0.02265625 0.0703125
0 0.95703125 0.0703125 0.03046875 0.09609375
0 0.9828125 0.0734375 0.02734375 0.09609375
0 0.09453125 0.1890625 0.05546875 0.209375