0 0.94296875 0.82421875 0.11015625 0.30703125
0 0.85703125 0.78046875 0.13203125 0.3796875
0 0.7921875 0.553125 0.1484375 0.81171875
0 0.48203125 0.73515625 0.16484375 0.4734375
0 0.37578125 0.70703125 0.14296875 0.4984375
0 0.24140625 0.75703125 0.13359375 0.4109375
0 0.134375 0.79921875 0.096875 0.31328125
0 0.059375 0.81953125 0.096875 0.29765625
0 0.165625 0.615625 0.103125 0.5046875
0 0.3234375 0.56875 0.14140625 0.6203125
0 0.59921875 0.63203125 0.26328125 0.67421875
0 0.54453125 0.4484375 0.1734375 0.80859375