0 0.26796875 0.3609375 0.10390625 0.21015625
0 0.36171875 0.33984375 0.13984375 0.253125
0 0.384375 0.22890625 0.115625 0.3265625
0 0.478125 0.22734375 0.1796875 0.3265625
0 0.6078125 0.24453125 0.2078125 0.41796875
0 0.78203125 0.253125 0.27578125 0.434375
0 0.93984375 0.3609375 0.1078125 0.3125
0 0.8640625 0.7359375 0.2640625 0.52265625
0 0.50390625 0.7484375 0.21171875 0.43203125
0 0.3859375 0.7484375 0.19609375 0.33515625
0 0.24609375 0.68203125 0.20390625 0.40078125
0 0.12421875 0.66640625 0.1796875 0.38671875
0 0.67578125 0.7359375 0.25234375 0.52265625