0 0.10859375 0.3734375 0.0640625 0.2046875
0 0.17734375 0.38828125 0.04765625 0.13203125
0 0.2421875 0.36953125 0.0875 0.16796875
0 0.46328125 0.3578125 0.05859375 0.13359375
0 0.5484375 0.34921875 0.0421875 0.11484375
0 0.60703125 0.34296875 0.05390625 0.09140625
0 0.67734375 0.31640625 0.05390625 0.08984375
0 0.7359375 0.325 0.04375 0.08671875
0 0.784375 0.3140625 0.0453125 0.078125
0 0.83046875 0.3203125 0.0390625 0.0734375
0 0.884375 0.3125 0.02265625 0.05703125
0 0.8625 0.31015625 0.0375 0.071875