0 0.93359375 0.66953125 0.1296875 0.25859375
0 0.93359375 0.52734375 0.1296875 0.2703125
0 0.86484375 0.5515625 0.15390625 0.26484375
0 0.81953125 0.57578125 0.16875 0.3375
0 0.803125 0.771875 0.17734375 0.28515625
0 0.7046875 0.6296875 0.1078125 0.290625
0 0.65546875 0.51015625 0.13359375 0.27734375
0 0.65703125 0.68203125 0.1953125 0.36171875
0 0.5453125 0.54296875 0.08515625 0.3
0 0.5140625 0.69609375 0.14765625 0.23046875
0 0.43671875 0.60234375 0.09609375 0.35625
0 0.11484375 0.73203125 0.2296875 0.2234375
0 0.2859375 0.66640625 0.1375 0.35625
0 0.3921875 0.59453125 0.25234375 0.22890625
0 0.24453125 0.59921875 0.1375 0.253125
0 0.13671875 0.58828125 0.2265625 0.28671875
0 0.0671875 0.54765625 0.134375 0.2703125