0 0.11328125 0.5171875 0.05625 0.15390625
0 0.1390625 0.51015625 0.0734375 0.20625
0 0.9375 0.55234375 0.12265625 0.62890625
0 0.6609375 0.6359375 0.1859375 0.5609375
0 0.7953125 0.621875 0.31640625 0.66796875
0 0.7328125 0.528125 0.14375 0.5421875
0 0.60078125 0.5484375 0.12734375 0.4578125
0 0.503125 0.5640625 0.13984375 0.3921875
0 0.4453125 0.54765625 0.0953125 0.29453125
0 0.3953125 0.5390625 0.0921875 0.28125
0 0.33984375 0.553125 0.10390625 0.3171875
0 0.26484375 0.55546875 0.08359375 0.27734375
0 0.215625 0.51484375 0.05859375 0.19921875