0 0.85546875 0.615625 0.0984375 0.34140625
0 0.9046875 0.625 0.13984375 0.384375
0 0.94375 0.5734375 0.11015625 0.4203125
0 0.7734375 0.65390625 0.2140625 0.4484375
0 0.734375 0.6046875 0.1859375 0.43359375
0 0.64921875 0.6234375 0.125 0.39375
0 0.60859375 0.63671875 0.28359375 0.421875
0 0.5640625 0.565625 0.1578125 0.421875
0 0.4421875 0.5890625 0.1015625 0.41640625
0 0.396875 0.63125 0.1390625 0.421875
0 0.303125 0.6359375 0.1234375 0.40546875
0 0.234375 0.625 0.2125 0.3921875
0 0.0953125 0.64140625 0.18984375 0.48984375