0 0.6421875 0.6578125 0.0921875 0.1484375
0 0.5703125 0.6578125 0.08203125 0.1375
0 0.490625 0.6625 0.08046875 0.1359375
0 0.60625 0.603125 0.07578125 0.115625
0 0.55078125 0.60703125 0.071875 0.12265625
0 0.4875 0.6 0.071875 0.12578125
0 0.5609375 0.53046875 0.071875 0.11875
0 0.5078125 0.5359375 0.0671875 0.12109375
0 0.46171875 0.559375 0.0671875 0.12421875
0 0.409375 0.52265625 0.0703125 0.12890625
0 0.4484375 0.5125 0.059375 0.12421875
0 0.4921875 0.50234375 0.059375 0.12890625
0 0.77578125 0.68984375 0.21953125 0.34609375