0 0.9578125 0.71015625 0.0828125 0.57578125
0 0.85703125 0.55234375 0.1984375 0.89140625
0 0.7609375 0.79609375 0.35390625 0.403125
0 0.4484375 0.88828125 0.3203125 0.21953125
0 0.6921875 0.671875 0.2640625 0.653125
0 0.2515625 0.7578125 0.27734375 0.48046875
0 0.4359375 0.57578125 0.28359375 0.81953125
0 0.65078125 0.46171875 0.175 0.86484375
0 0.49140625 0.3890625 0.1390625 0.778125
0 0.3828125 0.27109375 0.1421875 0.540625
0 0.27890625 0.434375 0.23359375 0.86875
0 0.1375 0.41953125 0.275 0.83828125