0 0.76171875 0.9640625 0.3390625 0.06875
0 0.39765625 0.9578125 0.4046875 0.08125
0 0.77578125 0.9109375 0.4015625 0.1171875
0 0.51484375 0.88203125 0.25859375 0.1453125
0 0.2484375 0.9390625 0.27890625 0.0734375
0 0.2234375 0.8890625 0.28359375 0.10859375
0 0.19921875 0.86484375 0.29375 0.1546875
0 0.4140625 0.8515625 0.20625 0.1703125
0 0.63671875 0.88125 0.1796875 0.17890625
0 0.74609375 0.84453125 0.1984375 0.2
0 0.83359375 0.7578125 0.2125 0.41640625
0 0.6953125 0.7203125 0.1734375 0.3890625
0 0.86015625 0.65546875 0.2140625 0.4765625
0 0.6734375 0.6265625 0.17734375 0.4453125
0 0.5796875 0.6140625 0.25234375 0.5921875
0 0.4078125 0.68984375 0.28359375 0.4109375
0 0.459375 0.6453125 0.16875 0.4859375
0 0.2109375 0.6640625 0.1875 0.5125
0 0.25859375 0.65 0.1890625 0.50625