0 0.73046875 0.725 0.35546875 0.39609375
0 0.85859375 0.5640625 0.28125 0.7125
0 0.3484375 0.7640625 0.5390625 0.3140625
0 0.5265625 0.65390625 0.265625 0.53515625
0 0.909375 0.453125 0.18046875 0.63046875
0 0.81484375 0.3453125 0.3 0.65546875
0 0.6890625 0.4125 0.2421875 0.7390625
0 0.5875 0.40859375 0.19453125 0.72578125
0 0.2890625 0.6265625 0.31796875 0.58671875
0 0.15078125 0.66328125 0.3015625 0.52265625
0 0.17890625 0.53125 0.33046875 0.55859375
0 0.42109375 0.43515625 0.2984375 0.69453125
0 0.3109375 0.35 0.2296875 0.68515625
0 0.12734375 0.31953125 0.2546875 0.63671875