0 0.35078125 0.83046875 0.54375 0.3359375
0 0.1515625 0.71484375 0.303125 0.5640625
0 0.7328125 0.78125 0.3515625 0.43359375
0 0.85546875 0.60859375 0.2859375 0.77890625
0 0.88984375 0.53125 0.2171875 0.77109375
0 0.81640625 0.4375 0.3015625 0.840625
0 0.6890625 0.5140625 0.2328125 0.96796875
0 0.53515625 0.71171875 0.2703125 0.571875
0 0.3203125 0.68046875 0.3765625 0.6359375
0 0.1859375 0.61640625 0.3453125 0.7015625
0 0.4203125 0.5125 0.30859375 0.82734375
0 0.5796875 0.50390625 0.1984375 0.84765625
0 0.2984375 0.465625 0.2203125 0.91171875
0 0.121875 0.41640625 0.24375 0.8328125