0 0.91953125 0.9046875 0.15859375 0.1875
0 0.7921875 0.79453125 0.13359375 0.40703125
0 0.9265625 0.47578125 0.1328125 0.47109375
0 0.9296875 0.55703125 0.1375 0.85390625
0 0.79609375 0.67890625 0.125 0.54765625
0 0.7953125 0.5234375 0.12109375 0.58125
0 0.8265625 0.37265625 0.1125 0.615625
0 0.73515625 0.34609375 0.125 0.44296875
0 0.61640625 0.49921875 0.1296875 0.571875
0 0.5 0.45859375 0.13359375 0.559375
0 0.48125 0.32421875 0.10625 0.540625
0 0.409375 0.4578125 0.1046875 0.39375
0 0.403125 0.265625 0.1328125 0.4203125
0 0.334375 0.3828125 0.13515625 0.42578125
0 0.2921875 0.3265625 0.12890625 0.4953125
0 0.0515625 0.76796875 0.10234375 0.459375
0 0.15 0.7375 0.16640625 0.5125
0 0.27265625 0.6765625 0.1515625 0.515625
0 0.3390625 0.559375 0.14609375 0.521875
0 0.25078125 0.546875 0.12109375 0.59453125
0 0.1859375 0.5859375 0.19765625 0.56640625
0 0.0640625 0.5734375 0.12734375 0.55
0 0.0984375 0.57421875 0.17265625 0.6453125