0 0.92890625 0.659375 0.13984375 0.5046875
0 0.8046875 0.57109375 0.2171875 0.44453125
0 0.69140625 0.5359375 0.1234375 0.46171875
0 0.5640625 0.7296875 0.17109375 0.53671875
0 0.271875 0.8328125 0.2375 0.33046875
0 0.40703125 0.49140625 0.1421875 0.4203125
0 0.54375 0.40546875 0.1046875 0.4125
0 0.42890625 0.34921875 0.1109375 0.45234375
0 0.3578125 0.2796875 0.08359375 0.39375
0 0.31015625 0.309375 0.1015625 0.36796875
0 0.2328125 0.61328125 0.13984375 0.5421875
0 0.1984375 0.328125 0.20859375 0.4
0 0.09375 0.571875 0.1875 0.8515625