0 0.7421875 0.80859375 0.3125 0.37890625
0 0.903125 0.68671875 0.14375 0.484375
0 0.9359375 0.4109375 0.125 0.40703125
0 0.4296875 0.8453125 0.12890625 0.30546875
0 0.56171875 0.74296875 0.17265625 0.34140625
0 0.7875 0.48203125 0.22890625 0.8234375
0 0.63984375 0.4078125 0.1109375 0.815625
0 0.590625 0.50625 0.10234375 0.421875
0 0.490625 0.60234375 0.1 0.40703125
0 0.46171875 0.3828125 0.1046875 0.459375
0 0.53828125 0.33828125 0.1078125 0.46875
0 0.425 0.3421875 0.1484375 0.43515625
0 0.346875 0.36484375 0.17109375 0.30546875
0 0.26875 0.3828125 0.11484375 0.4109375
0 0.1953125 0.44375 0.1375 0.38125
0 0.10390625 0.45390625 0.13359375 0.384375
0 0.04296875 0.4625 0.0859375 0.36796875
0 0.2140625 0.35859375 0.0875 0.428125
0 0.13828125 0.359375 0.10234375 0.44296875
0 0.075 0.35390625 0.1234375 0.4
0 0.3296875 0.253125 0.0875 0.3828125