0 0.91015625 0.584375 0.17734375 0.82734375
0 0.7734375 0.65234375 0.33515625 0.69140625
0 0.50078125 0.78515625 0.3015625 0.425
0 0.88828125 0.49921875 0.22109375 0.9984375
0 0.73828125 0.49921875 0.23515625 0.9984375
0 0.5484375 0.58515625 0.3046875 0.825
0 0.54609375 0.3734375 0.2421875 0.746875
0 0.340625 0.45625 0.2 0.9109375
0 0.25625 0.63046875 0.27109375 0.7359375
0 0.12890625 0.54375 0.2578125 0.90859375
0 0.06796875 0.4640625 0.1359375 0.80390625
0 0.17734375 0.39921875 0.2125 0.7984375