0 0.7171875 0.83359375 0.4203125 0.33046875
0 0.4390625 0.86953125 0.41796875 0.25546875
0 0.12109375 0.8578125 0.2421875 0.28203125
0 0.32109375 0.7453125 0.49140625 0.5078125
0 0.66796875 0.69453125 0.434375 0.61015625
0 0.615625 0.5703125 0.38203125 0.7515625
0 0.8140625 0.409375 0.24375 0.653125
0 0.6328125 0.359375 0.29453125 0.70625
0 0.4109375 0.39921875 0.29921875 0.73515625
0 0.19375 0.48828125 0.38515625 0.69453125
0 0.12890625 0.3984375 0.25546875 0.58984375
0 0.2640625 0.325 0.2890625 0.63828125