0 0.78828125 0.8484375 0.3078125 0.3
0 0.85078125 0.58828125 0.29140625 0.30703125
0 0.4921875 0.83515625 0.34765625 0.3265625
0 0.2953125 0.82890625 0.2609375 0.33828125
0 0.134375 0.78515625 0.26875 0.296875
0 0.33671875 0.51171875 0.29375 0.3484375
0 0.603125 0.565625 0.3390625 0.3
0 0.14140625 0.51484375 0.2828125 0.31328125
0 0.9234375 0.278125 0.1515625 0.446875
0 0.8265625 0.321875 0.34375 0.38984375
0 0.578125 0.32578125 0.3359375 0.33515625
0 0.34296875 0.28984375 0.3484375 0.34140625
0 0.121875 0.22578125 0.24375 0.40859375
0 0.778125 0.14609375 0.2421875 0.29140625
0 0.546875 0.16171875 0.24609375 0.3234375
0 0.3671875 0.159375 0.23515625 0.31484375
0 0.16484375 0.16328125 0.31484375 0.325