0 0.51875 0.72890625 0.2515625 0.2515625
0 0.34921875 0.8421875 0.1828125 0.31171875
0 0.19453125 0.89140625 0.1734375 0.2140625
0 0.12265625 0.85234375 0.2453125 0.290625
0 0.2265625 0.62734375 0.3 0.2890625
0 0.3546875 0.4453125 0.18125 0.34296875
0 0.484375 0.26328125 0.26484375 0.346875
0 0.165625 0.38671875 0.26015625 0.3
0 0.2640625 0.2046875 0.17890625 0.409375
0 0.17109375 0.15546875 0.2359375 0.3109375
0 0.09296875 0.27265625 0.1859375 0.4390625
0 0.0890625 0.10625 0.17734375 0.20859375