0 0.0265625 0.71171875 0.05234375 0.48203125
0 0.0921875 0.6234375 0.11484375 0.54609375
0 0.0390625 0.5875 0.07734375 0.52890625
0 0.20234375 0.53828125 0.13359375 0.80859375
0 0.38515625 0.70078125 0.12265625 0.4015625
0 0.50078125 0.59765625 0.1421875 0.5703125
0 0.9421875 0.4703125 0.1125 0.65859375
0 0.85703125 0.49375 0.1 0.6359375
0 0.7640625 0.49453125 0.11640625 0.671875
0 0.71875 0.4171875 0.10859375 0.7375
0 0.58515625 0.45859375 0.10390625 0.63203125
0 0.49296875 0.4734375 0.10625 0.61328125
0 0.42109375 0.46171875 0.1125 0.72421875
0 0.3515625 0.46875 0.11015625 0.72578125
0 0.2953125 0.47734375 0.1109375 0.7109375