0 0.95546875 0.515625 0.08828125 0.87265625
0 0.896875 0.51015625 0.0890625 0.83828125
0 0.8484375 0.52265625 0.1078125 0.8515625
0 0.809375 0.50390625 0.0796875 0.83828125
0 0.7328125 0.52265625 0.1015625 0.859375
0 0.68046875 0.51484375 0.071875 0.81640625
0 0.63125 0.525 0.0984375 0.86875
0 0.5421875 0.5203125 0.1078125 0.85546875
0 0.4625 0.52265625 0.10703125 0.8765625
0 0.36953125 0.5328125 0.1078125 0.85546875
0 0.28203125 0.5203125 0.1046875 0.87265625
0 0.20234375 0.52421875 0.11484375 0.8796875
0 0.11875 0.5203125 0.1015625 0.86640625
0 0.046875 0.51328125 0.09375 0.8609375